K: [5.0e+6, 4.0e+6]
D: [2.0e+3, 2.1e+3]
motor_inertia: [1.0745, 0.420000000000000]
motor_viscous_term: [3.0, 3.0]
motor_coulomb_term:  [5.0, 5.0]
umax:  [4.6e+1, 2.3e+1]
x0:  [1.172640855235046e-2, 4.226654570536448e-2, 1.172641890535929e-2, 4.226654570536448e-2, 0.0, 0.0, 0.0, 0.0]
noise:  [1.0e-2, 0.02]
u0: [5.176504417836309e-2, 0.0]